-1670 
-0450 
0610 
1110 
2980 
4260 
3080 
2040 
1090 
0210 
0110 
-1150 
-1840 
-2780 
-2830 
-2720 
-2450 
-1680 
-0850 
-0020 
1550 
3180 
4590 
5740 
6070 
6090 
5660 
4740 
3720 
3650 
3040 
2640 
2750 
3320 
2140 
2260 
1690 
1660 
1480 
1840 
1530 
1160 
0000 
-0250 
-0470 
-0150 
0200 
0070 
-0140 
-0720 
-1090 
-1550 
-1860 
-1700 
-1410 
-1020 
-0270 
1290 
2710 
4660 
6270 
6800 
6710 
5930 
4730 
3660 
2800 
1740 
1050 
2030 
4630 
6420 
5740 
2880 
2380 
1880 
1880 
1520 
1390 
2110 
2520 
2130 
2830 
4500 
4470 
5460 
3560 
3320 
4790 
4120 
1600 
1080 
2740 
3480 
5950 
6910 
3670 
-3890 
-7810 
-7630 
-4790 
-2600 
-2790 
-2050 
-1620 
-1170 
-0580 
-0510 
-0200 
-0040 
0000 
0130 
0030 
-0170 
-0250 
-0140 
-0040 
0050 
0060 
-0050 
0160 
0340 
0520 
0700 
0650 
0730 
1010 
1020 
0770 
0740 
0590 
0590 
1060 
1280 
1460 
1240 
1200 
1040 
1100 
1110 
1220 
0940 
0930 
1070 
0960 
0990 
0880 
0850 
0820 
0760 
0790 
0870 
0830 
0840 
0830 
0830 
0860 
0910 
0790 
0760 
0680 
0680 
0580 
0590 
0650 
0660 
0750 
1050 
1180 
1180 
0900 
0810 
0790 
0950 
1140 
1330 
1280 
1320 
1360 
1410 
1250 
1050 
1190 
1230 
1230 
1200 
1540 
1990 
2090 
2150 
2090 
1980 
1900 
1910 
1770 
1750 
1670 
1450 
1380 
1480 
1430 
1440 
1400 
1370 
1410 
1320 
1340 
1470 
1480 
1740 
1830 
2050 
2010 
2110 
2400 
290 
2910 
3280 
3420 
3740 
3830 
3640 
3980 
3980 
4150 
4470 
4620 
4650 
4320 
4460 
4760 
4870 
4700 
4210 
3990 
3840 
3990 
3920 
3700 
3340 
3090 
3150 
3520 
3500 
3660 
4210 
4590 
5510 
6540 
7180 
7100 
7000 
6360 
5520 
4400 
2640 
2220 
2160 
2070 
1890 
2210 
2840 
3630 
3780 
3570 
3650 
3360 
2750 
2430 
2660 
2530 
2680 
2580 
2550 
2270 
2000 
2060 
1810 
1700 
1610 
1380 
1470 
1340 
1360 
1310 
1570 
1460 
1630 
1640 
1540 
1670 
1860 
2330 
2140 
1900 
1900 
1760 
1890 
2150 
2320 
2460 
2950 
3050 
2790 
2740 
2970 
3000 
3210 
3230 
2980 
3130 
3280 
3490 
3520 
3570 
3620 
3690 
4040 
4280 
4310 
5060 
5110 
4690 
4830 
4840 
5150 
5020 
4770 
5200 
5050 
5250 
5470 
5340 
4800 
4450 
5010 
5170 
5730 
6280 
5190 
4750 
4900 
4960 
4890 
5100 
5180 
5150 
5190 
4890 
3250 
2530 
2360 
2650 
2800 
3380 
3780 
3970 
3830 
4000 
4420 
4320 
4130 
4430 
4720 
4790 
4250 
4120 
4070 
4950 
5000 
4290 
4540 
4760 
5100 
5500 
5890 
5220 
5630 
4880 
4570 
3960 
3460 
3500 
3330 
3580 
3140 
2590 
2500 
2570 
2130 
1870 
2130 
1900 
1900 
1840 
1540 
1550 
1720 
1650 
1640 
1550 
1420 
1340 
1240 
1270 
1350 
1000 
0690 
0740 
0720 
0830 
0900 
0940 
1170 
1280 
1240 
1220 
1180 
1050 
0910 
0740 
0660 
0640 
0500 
0380 
0430 
0310 
0180 
0140 
0070 
-0030 
-0020 
0000 
0070 
0230 
0310 
0180 
0150 
0230 
0240 
0260 
0310 
0330 
0290 
0310 
0330 
0450 
0490 
0500 
0510 
0410 
0330 
0320 
0210 
0160 
0160 
0190 
0390 
0420 
0400 
0330 
0350 
0380 
0450 
0580 
0570 
0440 
0350 
0250 
0250 
0230 
0190 
0130 
0220 
0310 
0470 
0630 
0730 
0810 
0750 
0690 
0560 
0440 
0370 
0380 
0320 
0320 
0300 
0210 
0190 
0160 
0150 
0200 
0180 
0140 
0200 
0250 
0110 
0030 
-0040 
-0020 
0010 
0110 
0120 
0120 
0130 
0120 
0090 
0190 
0320 
0170 
0130 
0170 
0070 
0070 
0090 
0150 
0160 
0140 
0170 
0220 
0220 
0290 
0400 
0510 
0400 
0460 
0490 
0470 
0460 
0460 
0560 
0360 
0520 
0710 
0600 
0430 
0480 
0460 
0460 
0550 
0590 
0590 
0690 
0720 
0530 
0530 
0530 
0510 
0760 
0780 
0800 
0660 
0630 
0720 
0730 
0760 
0740 
0900 
0850 
0900 
1000 
0990 
0930 
0930 
1190 
1260 
1090 
0990 
0900 
1080 
1000 
1040 
0970 
1190 
1190 
1100 
0890 
0900 
0770 
0890 
1040 
0980 
1060 
1270 
1050 
1190 
1220 
1060 
1220 
1460 
1500 
1630 
1820 
2000 
1600 
1450 
1800 
1930 
1930 
1970 
2100 
2530 
2400 
2390 
2010 
1950 
1920 
2100 
1990 
1920 
1710 
1580 
1430 
1340 
1100 
0990 
0700 
0810 
0870 
0740 
0570 
0510 
0240 
-0060 
0000 
0090 
0100 
0060 
0090 
0160 
0290 
0330 
0290 
0270 
0200 
0250 
0250 
0360 
0430 
0430 
0370 
0290 
0260 
0310 
0410 
0530 
0580 
0630 
0620 
0600 
0510 
0460 
0520 
0530 
0450 
0340 
0450 
0530 
0560 
0590 
0560 
0510 
0550 
0640 
0780 
0800 
0910 
1010 
1040 
0970 
0750 
0880 
1020 
1050 
1330 
1310 
1230 
1290 
1280 
1250 
1330 
1250 
1430 
1310 
1430 
1540 
1540 
1610 
1690 
1600 
1560 
1460 
1450 
1440 
1490 
1420 
1410 
1290 
0930 
1030 
1070 
1050 
0940 
0910 
0710 
0720 
0700 
0800 
0840 
0850 
0820 
0670 
0540 
0580 
0530 
0550 
0500 
0440 
0500 
0590 
0600 
0610 
0590 
0630 
0640 
0610 
0560 
0480 
0450 
0510 
0520 
0600 
0630 
0600 
0520 
0430 
0420 
0350 
0250 
0230 
0320 
0350 
0330 
0350 
0440 
0550 
0580 
0540 
0450 
0400 
0460 
0390 
0270 
0250 
0330 
0450 
0410 
0340 
0200 
0010 
0080 
0100 
0140 
0130 
0200 
0370 
0330 
0380 
0460 
0500 
0600 
0600 
0580 
0570 
0530 
0530 
0600 
0720 
0690 
0660 
0780 
0750 
0740 
0670 
0670 
0770 
0770 
0820 
0760 
0630 
0670 
0740 
0750 
0750 
0900 
1050 
1000 
1040 
0930 
0900 
0990 
0930 
1030 
1180 
0950 
0900 
0840 
0870 
0910 
0870 
0950 
1090 
1180 
1210 
1180 
0930 
0830 
0800 
0850 
0910 
0950 
0980 
1120 
1100 
0900 
1000 
1200 
1200 
1320 
1360 
1300 
1150 
1010 
0780 
0950 
1170 
1190 
1310 
1420 
1130 
0950 
1030 
1000 
1000 
0940 
0880 
0950 
1090 
1180 
1100 
1120 
1110 
1030 
1090 
0980 
0970 
0870 
0870 
0880 
1020 
1090 
1040 
1090 
1130 
1280 
1150 
1190 
1260 
1230 
1390 
1400 
1310 
1290 
1300 
1390 
1580 
1380 
1190 
1180 
1180 
1340 
1410 
1480 
1470 
1520 
1470 
1540 
1510 
1490 
1770 
1890 
1670 
1480 
1410 
1530 
1450 
1070 
1020 
1100 
1080 
1220 
1270 
1280 
1290 
1400 
1570 
1590 
1590 
1660 
1640 
1680 
1780 
1750 
1620 
1730 
1820 
1830 
1600 
1500 
1580 
1750 
1750 
1670 
1730 
1750 
1730 
1680 
1840 
1710 
1690 
1510 
1410 
1450 
1320 
1380 
1540 
1470 
1280 
1250 
1110 
1060 
1030 
0960 
1100 
1120 
1150 
1190 
1210 
1060 
0960 
0940 
1010 
1080 
1070 
1010 
0910 
0850 
0810 
0710 
0640 
0620 
0560 
0450 
0450 
0470 
0580 
0510 
0470 
0420 
0350 
0200 
0160 
0200 
0350 
0370 
0080 
0030 
0040 
0020 
0260 
0570 
0690 
0690 
0700 
0670 
0620 
0620 
0700 
0820 
0930 
1040 
1130 
1200 
1280 
1360 
1480 
1420 
1410 
1400 
1340 
1350 
1290 
1100 
0940 
0850 
0660 
0590 
0520 
0490 
0470 
0480 
0610 
0830 
0690 
0600 
0540 
0630 
0510 
0340 
0190 
0090 
-0160 
-0390 
-0490 
-0850 
-0950 
-1200 
-1390 
-1250 
-0900 
-0860 
-0670 
-0530 
-0390 
-0460 
-0460 
-0450 
-0510 
-0520 
-0600 
-0970 
-1170 
-0980 
-0760 
-0670 
-0900 
-0690 
-0580 
-0620 
-0530 
-0280 
-0170 
-0040 
0080 
0130 
0200 
0270 
0340 
0440 
0330 
0190 
0050 
-0100 
-0320 
-0620 
-0790 
-0810 
-0710 
-0400 
0030 
0570 
0760 
0770 
0810 
0920 
0890 
0990 
1210 
1360 
1530 
1370 
1270 
0990 
0630 
0340 
0370 
0180 
0180 
0370 
0460 
0510 
0600 
0470 
0590 
0340 
0250 
0280 
0430 
0680 
0770 
0820 
0780 
0800 
0840 
0880 
0950 
0860 
0800 
0830 
0830 
0880 
0750 
0590 
0600 
0750 
0710 
0590 
0440 
0450 
0580 
0470 
0310 
0290 
0530 
0540 
0640 
0570 
0380 
0120 
-0070 
-0220 
0140 
0190 
0400 
0490 
0630 
0710 
0810 
0880 
1050 
1150 
0960 
0800 
0510 
0600 
0780 
0910 
0950 
0600 
0640 
1040 
1700 
2320 
2530 
2780 
2810 
2410 
2100 
1910 
1590 
1320 
1240 
1400 
1660 
1480 
1430 
1190 
1230 
1290 
1260 
1270 
0990 
0660 
0660 
0790 
0680 
0370 
0110 
0210 
0120 
0100 
0210 
0180 
0160 
0060 
-0200 
-0320 
-0350 
0080 
0440 
0430 
0380 
0310 
0390 
0340 
0450 
0710 
0790 
0850 
0680 
0640 
0570 
0570 
0540 
0620 
0770 
0870 
0940 
0920 
0800 
0640 
0530 
0440 
0550 
0560 
0450 
0370 
0510 
0510 
0310 
0140 
0040 
-0250 
-0230 
-0100 
0030 
-0010 
0000 
0030 
-0010 
-0050 
0100 
0080 
-0050 
0030 
0160 
0300 
0340 
0320 
0410 
0420 
0440 
0550 
0570 
0660 
0720 
0850 
0930 
0980 
0920 
0830 
0750 
0850 
0910 
0800 
0740 
0750 
0680 
0610 
0530 
0570 
0730 
0950 
1070 
1130 
1230 
1150 
0940 
0660 
0470 
0450 
0490 
0590 
0670 
0710 
0800 
0630 
0480 
0400 
0380 
0350 
0430 
0400 
0210 
0000 
-0060 
0030 
0150 
0370 
0630 
0750 
0750 
0660 
0630 
0590 
0570 
0560 
0560 
0550 
0490 
0490 
0390 
0290 
0310 
0300 
0250 
0300 
0280 
0240 
0110 
0040 
0000 
-0080 
-0160 
-0250 
-0160 
-0020 
0060 
0140 
0170 
0210 
0290 
0430 
0510 
0540 
0690 
0950 
1110 
1190 
1270 
1240 
1270 
1340 
1200 
0900 
0590 
0350 
0280 
0180 
0160 
0140 
0060 
0090 
0170 
0080 
-0030 
-0080 
-0050 
-0080 
-0060 
-0080 
-0060 
-0080 
-0010 
0080 
0200 
0300 
0280 
0280 
0210 
0310 
0370 
0300 
0300 
0150 
0450 
0640 
0830 
0970 
0960 
0940 
0640 
0680 
1110 
1120 
0550 
0290 
0380 
1250 
1160 
1240 
1440 
1390 
1380 
1200 
0720 
0460 
0390 
0390 
0210 
0020 
0460 
0680 
0910 
0980 
0910 
1160 
1490 
1220 
0850 
0570 
0420 
0310 
0450 
0390 
0410 
0500 
0550 
0480 
0460 
0540 
0650 
0620 
0710 
0620 
0560 
0390 
0110 
0020 
0080 
0200 
0330 
0430 
0640 
0570 
0640 
0730 
0730 
0800 
0760 
0660 
0430 
0360 
0330 
0330 
0490 
0380 
0440 
0370 
0320 
0560 
0780 
0810 
0900 
0840 
0780 
0890 
0840 
0810 
0900 
0770 
0710 
0710 
0800 
1080 
1030 
1150 
1250 
1050 
0980 
0850 
0800 
0650 
0370 
0310 
0410 
0410 
0170 
0060 
0000 
0020 
0180 
0010 
-0110 
-0210 
-0220 
-0110 
0000 
-0130 
-0330 
-0410 
-0570 
-0470 
-0430 
-0500 
-0500 
-0580 
-0540 
-0440 
-0310 
0070 
0070 
-0030 
0040 
0060 
0000 
0210 
0210 
0270 
0260 
0260 
0280 
0250 
0170 
0030 
0000 
0110 
0130 
-0050 
-0250 
-0370 
-0360 
-0120 
-0090 
0180 
0020 
0090 
0180 
0000 
0140 
0280 
0260 
0350 
0260 
0220 
0130 
0130 
0100 
0050 
0050 
0090 
0170 
0200 
0230 
0280 
0300 
0300 
0350 
0430 
0540 
0620 
0650 
0660 
0620 
0620 
0660 
0670 
0600 
0530 
0560 
0600 
0590 
0550 
0570 
0610 
0630 
0710 
0650 
0660 
0590 
0360 
0250 
0270 
0370 
0340 
0240 
0180 
0140 
-0080 
-0020 
-0010 
-0040 
-0060 
-0050 
-0030 
-0060 
0000 
-0070 
-0020 
-0040 
-0030 
-0050 
-0050 
-0070 
-0210 
-0230 
-0200 
-0280 
-0330 
-0240 
-0180 
-0140 
-0160 
-0180 
-0220 
-0250 
-0230 
-0210 
-0170 
-0120 
-0090 
-0210 
-0450 
-0380 
-0280 
-0200 
-0110 
0010 
0080 
0070 
0040 
0070 
0140 
0220 
0330 
0380 
0420 
0460 
0490 
0510 
0520 
0510 
0480 
0440 
0450 
0460 
0460 
0470 
0490 
0450 
0410 
0390 
0400 
0390 
0370 
0350 
0330 
0290 
0270 
0250 
0220 
0190 
0170 
0160 
0150 
0140 
0140 
0140 
0160 
0260 
0430 
0700 
1110 
1760 
2650 
3830 
5220 
6630 
7730 
8490 
9020 
9180 
9440 
9310 
9420 
9460 
8690 
8180 
8400 
7990 
7580 
8100 
8440 
8440 
8370 
8210 
7470 
6410 
6620 
6240 
5780 
4560 
3980 
3490 
2430 
1420 
0850 
1160 
1240 
0820 
0760 
0680 
0800 
0820 
0810 
0800 
0800 
0850 
0800 
0790 
0790 
0770 
0780 
0760 
0760 
0770 
0790 
0810 
0780 
0770 
0750 
0690 
0700 
0690 
0610 
0680 
0700 
0590 
0580 
0590 
0600 
0590 
0550 
0510 
0520 
0560 
0540 
0530 
0570 
0620 
0590 
0630 
0720 
0750 
0720 
0690 
0700 
0800 
0880 
0870 
0800 
0780 
0760 
0770 
0790 
0770 
0750 
0730 
0760 
0790 
0830 
0880 
0870 
0870 
0870 
0880 
0880 
0870 
0890 
0940 
0970 
0950 
0990 
0950 
0910 
0910 
0900 
0910 
0910 
0910 
0930 
0950 
0930 
0850 
0810 
0800 
0840 
0870 
0890 
0860 
0830 
0720 
0600 
0550 
0550 
0560 
0510 
0410 
0340 
0400 
0510 
0640 
0770 
0820 
0880 
0890 
0910 
0960 
0970 
0960 
0990 
1000 
1010 
0970 
0960 
0950 
0910 
0890 
0900 
0900 
0930 
0950 
0930 
0920 
0920 
0920 
0910 
0890 
0850 
0830 
0800 
0780 
0780 
0740 
0710 
0690 
0660 
0620 
0570 
0510 
0510 
0520 
0470 
0560 
0710 
0840 
0950 
1040 
1110 
1110 
1020 
0970 
0730 
0530 
0470 
0400 
0380 
0300 
0270 
0270 
0340 
0350 
0260 
0240 
0130 
0070 
0190 
0110 
-0060 
-0030 
0000 
0100 
0180 
0310 
0330 
0390 
0500 
0590 
0740 
0800 
0860 
0830 
0830 
0760 
0710 
0630 
0510 
0410 
0290 
0150 
0000 
-0150 
-0370 
-0590 
-0780 
-0950 
-1120 
-1300 
-1450 
-1570 
-1720 
-1820 
-1880 
-2010 
-2110 
-2010 
-1930 
-2120 
-1980 
-1870 
-1780 
-1730 
-1740 
-1550 
-1120 
-1090 
-0960 
-0720 
-0710 
-0710 
-0660 
-0690 
-0650 
-0730 
-0860 
-0790 
-0860 
-0970 
-0920 
-0960 
-1080 
-1250 
-1480 
-1720 
-1880 
-2030 
-2020 
-1890 
-1800 
-1700 
-1710 
-1630 
-1340 
-1260 
-0980 
-0930 
-0930 
-1110 
-1310 
-1350 
-1380 
-1310 
-1200 
-0740 
-0610 
-0560 
-0410 
-0170 
-0180 
0130 
0160 
0340 
0230 
0210 
-0030 
-0210 
-0230 
-0030 
0190 
-0120 
-0010 
0020 
0120 
0290 
0440 
0440 
0430 
0440 
0370 
0410 
0500 
0540 
0600 
0680 
0650 
0680 
0780 
0800 
0820 
0830 
0870 
0870 
0890 
0870 
0860 
0870 
0880 
0910 
0960 
0930 
0920 
0890 
0880 
0900 
0980 
0990 
0910 
0860 
0870 
0890 
0820 
0780 
0860 
0980 
1060 
1090 
0990 
1020 
1150 
1150 
1190 
1210 
1120 
1110 
1120 
1130 
1130 
1150 
1200 
1080 
0970 
0910 
1050 
0980 
0980 
1040 
1000 
0940 
1020 
1130 
1180 
1180 
1300 
1350 
1380 
1510 
1370 
1390 
1390 
1350 
1350 
1350 
1350 
1320 
1560 
1680 
1670 
1670 
1680 
1920 
1950 
1880 
1760 
1750 
1840 
2070 
2010 
2210 
1990 
1990 
1740 
1360 
1110 
1370 
1680 
1740 
1640 
1510 
1610 
1700 
1690 
1880 
1770 
1630 
1660 
1580 
1610 
1660 
1830 
1660 
1600 
1470 
1270 
1190 
1100 
0950 
0790 
0700 
0620 
0580 
0510 
0440 
0430 
0380 
0320 
0280 
0260 
0250 
0290 
0340 
0370 
0400 
0430 
0450 
0500 
0550 
0590 
0650 
0700 
0740 
0790 
0830 
0890 
1000 
1180 
1200 
1130 
1180 
0970 
0950 
0870 
0920 
1020 
1120 
1140 
0910 
0910 
0880 
0800 
0690 
0660 
0590 
0550 
0480 
0420 
0370 
0430 
0510 
0590 
0610 
0570 
0600 
0630 
0610 
0650 
0670 
0650 
0660 
0730 
0780 
0830 
0880 
0910 
0940 
0960 
1000 
1090 
1310 
1260 
1300 
1290 
1330 
1430 
1520 
1390 
1440 
1410 
1300 
1390 
1260 
1240 
1180 
1130 
1080 
1150 
1150 
1070 
1140 
1150 
1110 
1030 
0950 
0840 
0810 
0840 
0810 
0840 
0820 
0780 
0720 
0730 
0730 
0660 
0670 
0650 
0640 
0610 
0550 
0560 
0550 
0580 
0520 
0450 
0400 
0430 
0400 
0470 
0530 
0650 
0740 
0840 
0920 
0950 
0970 
1020 
1040 
1050 
1070 
1120 
1170 
1130 
1110 
1110 
1100 
1200 
1180 
1230 
1300 
1260 
1320 
1370 
1350 
1290 
1280 
1240 
1210 
1210 
1190 
1190 
1220 
1150 
1160 
1210 
1210 
1230 
1250 
1250 
1250 
1230 
1200 
1160 
1180 
1230 
1250 
1140 
1100 
1060 
1120 
1160 
1130 
1150 
1100 
1060 
0990 
0920 
0900 
0910 
0900 
0900 
0900 
0900 
0900 
0900 
1040 
1000 
0850 
0780 
0760 
0730 
0710 
0690 
0730 
0650 
0610 
0650 
0590 
0510 
0460 
0460 
0410 
0410 
0380 
0400 
0380 
0400 
0430 
0390 
0340 
0300 
0270 
0230 
0210 
0190 
0170 
0160 
0160 
0190 
0280 
0370 
0430 
0410 
0210 
0100 
0000 
-0060 
-0010 
0010 
0060 
0100 
0120 
0110 
0110 
0090 
0060 
0070 
0150 
0270 
0370 
0470 
0580 
0660 
0720 
0760 
0810 
0860 
0890 
0880 
0890 
0900 
0890 
0920 
0950 
0980 
0980 
0980 
0990 
0990 
0970 
0960 
0950 
0920 
0880 
0820 
0760 
0720 
0690 
0720 
0760 
0760 
0790 
0800 
0840 
0800 
0810 
0800 
0760 
0740 
0710 
0690 
0670 
0650 
0620 
0600 
0600 
0600 
0610 
0630 
0630 
0630 
0660 
0710 
0710 
0740 
0780 
0750 
0720 
0760 
0740 
0640 
0620 
0630 
0610 
0590 
0580 
0570 
0480 
0340 
0180 
0030 
-0060 
-0180 
-0290 
-0420 
-0490 
-0530 
-0530 
-0500 
-0480 
-0410 
-0340 
-0260 
-0200 
-0150 
-0100 
-0050 
-0030 
-0020 
-0010 
-0010 
-0020 
-0020 
-0030 
-0040 
-0070 
-0100 
-0120 
-0130 
-0140 
-0140 
-0140 
-0150 
-0150 
-0150 
-0150 
-0140 
-0140 
-0140 
-0130 
-0120 
-0090 
-0050 
-0010 
0010 
0060 
0110 
0150 
0200 
0250 
0310 
0350 
0380 
0420 
0470 
0520 
0580 
0620 
0660 
0680 
0710 
0740 
0750 
0750 
0730 
0710 
0680 
0630 
0570 
0480 
0380 
0320 
0250 
0180 
0110 
0080 
0080 
0090 
0140 
0280 
0310 
0340 
0410 
0460 
0470 
0440 
0460 
0510 
0560 
0610 
0640 
0690 
0730 
0820 
0830 
0780 
0730 
0680 
0580 
0540 
0660 
0720 
0770 
0860 
0960 
0980 
0950 
0940 
1000 
1060 
1170 
1260 
1280 
1260 
1330 
1370 
1330 
1320 
1290 
1340 
1250 
1240 
1220 
1270 
1310 
1300 
1330 
1390 
1360 
1320 
1110 
1040 
0960 
0880 
0800 
0730 
0720 
0720 
0680 
0650 
0600 
0640 
0640 
0630 
0620 
0630 
0600 
0620 
0640 
0650 
0660 
0650 
0630 
0600 
0580 
0540 
0540 
0500 
0480 
0450 
0350 
0230 
0080 
0070 
0090 
0150 
0260 
0350 
0470 
0510 
0540 
0540 
0510 
0490 
0460 
0430 
0410 
0410 
0410 
0350 
0350 
0410 
0350 
0420 
0490 
0500 
0520 
0550 
0560 
0560 
0560 
0550 
0530 
0520 
0500 
0490 
0500 
0520 
0570 
0620 
0620 
0680 
0770 
0820 
0840 
0830 
0810 
0830 
0820 
0830 
0830 
0850 
0880 
0890 
0950 
1000 
1060 
1090 
1090 
1060 
1060 
1090 
1100 
1140 
1160 
1160 
1180 
1190 
1180 
1160 
1170 
1170 
1160 
1140 
1120 
1150 
1140 
1090 
1120 
1120 
1130 
1140 
1170 
1200 
1190 
1200 
1190 
1190 
1180 
1170 
1180 
1210 
1240 
1260 
1270 
1280 
1280 
1280 
1300 
1330 
1370 
1380 
1400 
1420 
1420 
1400 
1380 
1370 
1360 
1350 
1330 
1310 
1290 
1280 
1280 
1280 
1260 
1250 
1210 
1220 
1230 
1240 
1270 
1290 
1310 
1320 
1330 
1340 
1340 
1350 
1360 
1370 
1390 
1420 
1450 
1470 
1440 
1420 
1380 
1340 
1310 
1290 
1270 
1290 
1310 
1330 
1360 
1350 
1360 
1390 
1420 
1410 
1380 
1360 
1390 
1410 
1420 
1470 
1520 
1560 
1540 
1560 
1600 
1660 
1660 
1670 
1680 
1690 
1660 
1650 
1690 
1690 
1740 
1770 
1760 
1800 
1830 
1810 
1790 
1800 
1810 
1830 
1840 
1890 
1890 
1920 
1920 
1920 
1900 
1900 
1870 
1870 
1910 
1900 
1860 
1860 
1840 
1820 
1800 
1790 
1770 
1760 
1730 
1690 
1690 
1680 
1660 
1650 
1650 
1650 
1650 
1640 
1660 
1660 
1650 
1640 
1670 
1720 
1790 
1820 
1820 
1820 
1830 
1830 
1840 
1860 
1850 
1890 
1860 
1860 
1830 
1830 
1840 
1810 
1830 
1780 
1750 
1770 
1790 
1760 
1770 
1740 
1760 
1740 
1730 
1710 
1730 
1720 
1680 
1720 
1750 
1730 
1710 
1730 
1720 
1690 
1630 
1560 
1450 
1310 
1080 
0730 
0270 
-0350 
-1210 
-2290 
-3600 
-5090 
-6670 
-7840 
-8680 
-9350 
-9940 
-10400 
-10640 
-10800 
-10660 
-10220 
-9710 
-9530 
-9330 
-8800 
-8410 
-7820 
-7250 
-6560 
-5780 
-5120 
-4570 
-4090 
-3700 
-3420 
-3150 
-2970 
-2850 
-2840 
-2890 
-3120 
-3450 
-3940 
-4390 
-4890 
-5360 
-5690 
-5850 
-5810 
-5570 
-5170 
-4650 
-4100 
-3540 
-3010 
-2520 
-2120 
-1810 
-1490 
-1290 
-1030 
-0770 
-0510 
-0260 
-0070 
0120 
0350 
0650 
0970 
1120 
1100 
1050 
1010 
1030 
1090 
1150 
1190 
1230 
1260 
1280 
1270 
1270 
1260 
1280 
1260 
1260 
1250 
1260 
1270 
1290 
1300 
1290 
1320 
1320 
1300 
1310 
1310 
1310 
1310 
1320 
1320 
1310 
1310 
1290 
1270 
1250 
1250 
1250 
1260 
1250 
1260 
1290 
1300 
1290 
1320 
1330 
1340 
1330 
1320 
1310 
1310 
1300 
1300 
1290 
1290 
1290 
1270 
1260 
1240 
1240 
1230 
1220 
1190 
1170 
1160 
1170 
1150 
1160 
1210 
1220 
1230 
1250 
1240 
1220 
1230 
1230 
1210 
1210 
1190 
1190 
1170 
1160 
1130 
1110 
1100 
1090 
1100 
1100 
1120 
1130 
1150 
1170 
1190 
1210 
1220 
1240 
1260 
1260 
1280 
1290 
1290 
1280 
1260 
1260 
1250 
1250 
1250 
1240 
1200 
1190 
1200 
1200 
1130 
1080 
1050 
0980 
0930 
0920 
0960 
1010 
1130 
1250 
1390 
1540 
1730 
1950 
2210 
2520 
2870 
3230 
3570 
3820 
3970 
4030 
4010 
3940 
3770 
3400 
3040 
2810 
2630 
2440 
2260 
2090 
1970 
1880 
1760 
1680 
1600 
1550 
1490 
1420 
1380 
1330 
1290 
1250 
1230 
1190 
1200 
1190 
1210 
1240 
1270 
1300 
1300 
1310 
1320 
1320 
1290 
1270 
1250 
1240 
1240 
1230 
1220 
1230 
1230 
1220 
1210 
1190 
1160 
1110 
1070 
1010 
0950 
0890 
0820 
0770 
0720 
0670 
0610 
0540 
0500 
0490 
0500 
0520 
0550 
0600 
0660 
0680 
0790 
0880 
0900 
0950 
1030 
1150 
1270 
1340 
1400 
1400 
1420 
1460 
1510 
1540 
1560 
1580 
1590 
1590 
1580 
1550 
1510 
1480 
1480 
1480 
1500 
1510 
1570 
1580 
1590 
1610 
1650 
1650 
1640 
1620 
1610 
1600 
1640 
1660 
1680 
1690 
1700 
1690 
1670 
1670 
1680 
1680 
1700 
1690 
1690 
1690 
1710 
1720 
1730 
1670 
1620 
1640 
1660 
1630 
1630 
1620 
1630 
1620 
1610 
1620 
1630 
1670 
1620 
1630 
1650 
1610 
1640 
1660 
1690 
1720 
1710 
1710 
1710 
1680 
1720 
1760 
1720 
1680 
1660 
1740 
1740 
1660 
1640 
1650 
1710 
1730 
1740 
1640 
1640 
1640 
1660 
1700 
1720 
1700 
1610 
1520 
1500 
1490 
1450 
1410 
1380 
1360 
1310 
1280 
1240 
1170 
1150 
1140 
1100 
1060 
0960 
0910 
0870 
0840 
0820 
0830 
0830 
0860 
0880 
0890 
0910 
0910 
0920 
0950 
0990 
1020 
1060 
1090 
1120 
1150 
1150 
1180 
1190 
1170 
1170 
1150 
1130 
1080 
1040 
1000 
0950 
0920 
0880 
0870 
0880 
0900 
0910 
0910 
0900 
0900 
0870 
0830 
0830 
0840 
0850 
0840 
0850 
0860 
0880 
0890 
0890 
0870 
0840 
0830 
0840 
0850 
0880 
0910 
0930 
0940 
0950 
0950 
0960 
0940 
0940 
0940 
0930 
0950 
0970 
1010 
1000 
1010 
1020 
1040 
1080 
1090 
1100 
1070 
1070 
1070 
1060 
1050 
1050 
1040 
1020 
1000 
0980 
0970 
0980 
0990 
1020 
1020 
1020 
1010 
1000 
1000 
0980 
0980 
0990 
0990 
0970 
1010 
1020 
1040 
1080 
1080 
1080 
1090 
1120 
1130 
1140 
1150 
1160 
1170 
1190 
1200 
1190 
1200 
1180 
1170 
1160 
1170 
1150 
1130 
1110 
1090 
1070 
1040 
1030 
1020 
1030 
1030 
0990 
0940 
0900 
0840 
0800 
0750 
0720 
0670 
0610 
0590 
0550 
0500 
0460 
0480 
0460 
0480 
0460 
0450 
0460 
0500 
0480 
0450 
0440 
0450 
0410 
0380 
0340 
0340 
0320 
0370 
0270 
0250 
0250 
0240 
0240 
0240 
0250 
0250 
0250 
0260 
0270 
0290 
0260 
0290 
0310 
0370 
0380 
0410 
0520 
0540 
0500 
0550 
0600 
0600 
0590 
0570 
0510 
0580 
0490 
0450 
0460 
0430 
0410 
0340 
0370 
0330 
0320 
0300 
0270 
0280 
0280 
0310 
0330 
0360 
0380 
0430 
0470 
0510 
0540 
0660 
0660 
0740 
0800 
0890 
0980 
1050 
1100 
1180 
1240 
1340 
1380 
1380 
1320 
1200 
1240 
1250 
1270 
1220 
1100 
0880 
0680 
0820 
0960 
0970 
0870 
0680 
0760 
0860 
0810 
0670 
0670 
0740 
0860 
0880 
0760 
0640 
0520 
0590 
0730 
0720 
0690 
0690 
0670 
0380 
0250 
0420 
0440 
0460 
0350 
0300 
0330 
0530 
0590 
0490 
0350 
0450 
0620 
0770 
0960 
1030 
1110 
1200 
1420 
1510 
1530 
1550 
1600 
1570 
1430 
1520 
1520 
1460 
1390 
1400 
1390 
1390 
1400 
1370 
1210 
1110 
1080 
1060 
0990 
1170 
1030 
1010 
0990 
0890 
0880 
0860 
0890 
0850 
0870 
0890 
0860 
0820 
0790 
0740 
0770 
0800 
0820 
0770 
0820 
0800 
0800 
0790 
0740 
0750 
0750 
0750 
0770 
0750 
0720 
0770 
0810 
0830 
0850 
0880 
0900 
0920 
1020 
0950 
0970 
0950 
0940 
1000 
1020 
1010 
0910 
0880 
0870 
0820 
0830 
0910 
0940 
1130 
1060 
0960 
1020 
1040 
1070 
1090 
1090 
1040 
0960 
0870 
0860 
0780 
0890 
0820 
0750 
0710 
0780 
0770 
0720 
0670 
0690 
0720 
0960 
0800 
0790 
0820 
0820 
0800 
0660 
0650 
0700 
0760 
0810 
0760 
0860 
0820 
0830 
0860 
0780 
0790 
0740 
0830 
0930 
1180 
1020 
1020 
1030 
1010 
0890 
0840 
0780 
0800 
0850 
0750 
0830 
0700 
0800 
1000 
0810 
0810 
0770 
0730 
0770 
0810 
0830 
0810 
0800 
0840 
0810 
0820 
0790 
0760 
0790 
0920 
0940 
1170 
0920 
0960 
1130 
1400 
1330 
1290 
1340 
1450 
1590 
1830 
1790 
1650 
1640 
1720 
1550 
1420 
1290 
1290 
1130 
1060 
1030 
1100 
1250 
1330 
1310 
1310 
1170 
1140 
1160 
1140 
1080 
1110 
1070 
1060 
1080 
1140 
1110 
1080 
0980 
0950 
0850 
0730 
0690 
0680 
0620 
0550 
0480 
0400 
0350 
0410 
0430 
0430 
0400 
0330 
0300 
0300 
0310 
0320 
0310 
0310 
0310 
0310 
0310 
0320 
0330 
0330 
0330 
0310 
0300 
0300 
0300 
0300 
0320 
0350 
0360 
0400 
0460 
0500 
0550 
0580 
0630 
0670 
0700 
0780 
0840 
0840 
0850 
0860 
0880 
0890 
0890 
0880 
0910 
0880 
0840 
0830 
0870 
0860 
0840 
0890 
0870 
0870 
0890 
0920 
0960 
0910 
0860 
0880 
0860 
0810 
0760 
0750 
0750 
0720 
0730 
0760 
0800 
0830 
0800 
0790 
0820 
0800 
0830 
0840 
0800 
0810 
0810 
0810 
0730 
0710 
0710 
0690 
0700 
0690 
0740 
0760 
0730 
0740 
0740 
0760 
0770 
0790 
0790 
0820 
0780 
0780 
0810 
0840 
0800 
0810 
0800 
0790 
0780 
0780 
0790 
0800 
0810 
0780 
0780 
0770 
0770 
0780 
0780 
0800 
0820 
0840 
0830 
0830 
0820 
0830 
0820 
0850 
0810 
0810 
0800 
0780 
0810 
0830 
0820 
0810 
0800 
0840 
0850 
0930 
1000 
1050 
1080 
1070 
1070 
1110 
1070 
1040 
1080 
1080 
1130 
1190 
1220 
1260 
1260 
1290 
1230 
1190 
1180 
1170 
1200 
1250 
1260 
1230 
1160 
1140 
1140 
1150 
1190 
1230 
1220 
1190 
1200 
1200 
1200 
1150 
1110 
1110 
1120 
1150 
1130 
1090 
1100 
1090 
1110 
1070 
1040 
1030 
1030 
1070 
1140 
1080 
1050 
1060 
1050 
1000 
1020 
1030 
0990 
1010 
1030 
1050 
1060 
1070 
1100 
1100 
1060 
1110 
1070 
1080 
1070 
1050 
1050 
1050 
1040 
1010 
0970 
0970 
0960 
1010 
1030 
1010 
1000 
1000 
1050 
1020 
1040 
1060 
1040 
1010 
1010 
1000 
1040 
1000 
1010 
0930 
0910 
0920 
0940 
0900 
0900 
0940 
0990 
1050 
1080 
1100 
1070 
1030 
1020 
1060 
1100 
1110 
1010 
1000 
1050 
1060 
1020 
1040 
1040 
1060 
1070 
1070 
1050 
1000 
1000 
1010 
1020 
1030 
1050 
1020 
1000 
1040 
1030 
1060 
1020 
1050 
1070 
1050 
1050 
1010 
1000 
1030 
1010 
1010 
0990 
1010 
1040 
1000 
1000 
1030 
1020 
1000 
0980 
1000 
1010 
1030 
1030 
1020 
1050 
1010 
1040 
1060 
1050 
1070 
1040 
1080 
1080 
1040 
1090 
1050 
1030 
1020 
1060 
1070 
1050 
1040 
1070 
1090 
1100 
1060 
1080 
1090 
1100 
1100 
1110 
1090 
1070 
1060 
1040 
1040 
1090 
1120 
1080 
1080 
1050 
1010 
1000 
1000 
1020 
1030 
1000 
0980 
0960 
0950 
0960 
0960 
0960 
0980 
1000 
1010 
0980 
1020 
1010 
1000 
0990 
1010 
1010 
1050 
1020 
1030 
1050 
1030 
1020 
1030 
1040 
1020 
1010 
1030 
1050 
1090 
1100 
1090 
1080 
1110 
1150 
1170 
1180 
1190 
1210 
1210 
1210 
1200 
1200 
1230 
1220 
1230 
1230 
1230 
1170 
1220 
1220 
1180 
1190 
1150 
1150 
1130 
1080 
1050 
1040 
1100 
1160 
1160 
1220 
1230 
1180 
1120 
1100 
1080 
1070 
1060 
1060 
0990 
1040 
1110 
1130 
1140 
1170 
1180 
1220 
1230 
1220 
1150 
1080 
1070 
1030 
1040 
1060 
1050 
1050 
1070 
1070 
1080 
1090 
1070 
1040 
1020 
1000 
0980 
0980 
1000 
0990 
1000 
1010 
1010 
0980 
0950 
0990 
1020 
1010 
1020 
1000 
1020 
0980 
0980 
0990 
1030 
1020 
1000 
1030 
1000 
1000 
1020 
1030 
1010 
0990 
0970 
0960 
0950 
0960 
1020 
1070 
1090 
1060 
1010 
1000 
0980 
0960 
0940 
0930 
0950 
0950 
0950 
0940 
0830 
0820 
0810 
0800 
0830 
0810 
0800 
0800 
0780 
0750 
0760 
0760 
0770 
0770 
0780 
0800 
0770 
0770 
0780 
0780 
0790 
0790 
0770 
0760 
0770 
0790 
0790 
0800 
0810 
0820 
0840 
0820 
0790 
0780 
0770 
0760 
0750 
0760 
0750 
0750 
0750 
0740 
0740 
0730 
0730 
0720 
0730 
0730 
0710 
0710 
0720 
0730 
0720 
0700 
0690 
0660 
0650 
0670 
0680 
0700 
0700 
0690 
0740 
0690 
0690 
0680 
0660 
0640 
0610 
0620 
0620 
0620 
0620 
0630 
0620 
0620 
0620 
0640 
0650 
0640 
0630 
0630 
0620 
0620 
0620 
0610 
0610 
0610 
0610 
0620 
0640 
0630 
0640 
0660 
0680 
0690 
0690 
0690 
0670 
0670 
0650 
0670 
0660 
0670 
0670 
0670 
0660 
0640 
0600 
0540 
0530 
0510 
0520 
0530 
0520 
0500 
0500 
0490 
0490 
0500 
0500 
0510 
0500 
0500 
0490 
0480 
0490 
0480 
0480 
0470 
0460 
0450 
0430 
0410 
0400 
0400 
0390 
0400 
0420 
0420 
0400 
0390 
0360 
0340 
0320 
0310 
0300 
0270 
0270 
0280 
0280 
0250 
0200 
0210 
0200 
0210 
0230 
0240 
0260 
0320 
0390 
0450 
0530 
0600 
0640 
0650 
0630 
0640 
0670 
0700 
0690 
0660 
0640 
0620 
0610 
0580 
0540 
0490 
0430 
0340 
0250 
0200 
0180 
0160 
0130 
0100 
0100 
0100 
0130 
0170 
0200 
0220 
0250 
0270 
0290 
0290 
0290 
0310 
0340 
0400 
0460 
0550 
0620 
0670 
0710 
0720 
0730 
0720 
0710 
0690 
0680 
0670 
0660 
0660 
0650 
0620 
0580 
0550 
0540 
0550 
0630 
0580 
0560 
0540 
0540 
0550 
0600 
0630 
0650 
0670 
0730 
0740 
0860 
0890 
0980 
1050 
1020 
0980 
0950 
0890 
0850 
0830 
0820 
0880 
0980 
1120 
1160 
1350 
1300 
1250 
1210 
1220 
1140 
1200 
1110 
1220 
1280 
1320 
1180 
1050 
0860 
0910 
0980 
0870 
0860 
0640 
0560 
0260 
0080 
-0150 
-0070 
0020 
-0040 
-0040 
0000 
-0100 
-0020 
-0130 
0000 
0110 
0050 
-0060 
-0020 
0080 
0150 
0130 
0200 
0220 
0320 
0380 
0570 
0630 
0730 
0750 
0770 
0710 
0610 
0500 
0360 
0250 
0230 
0310 
0340 
0320 
0380 
0350 
0330 
0340 
0350 
0400 
0420 
0420 
0460 
0460 
0500 
0520 
0550 
0630 
0670 
0690 
0730 
0760 
0750 
0750 
0760 
0740 
0730 
0690 
0670 
0620 
0580 
0600 
0610 
0630 
0560 
0530 
0580 
0630 
0650 
0680 
0710 
0740 
0760 
0750 
0750 
0730 
0720 
0750 
0790 
0850 
0900 
0890 
0900 
0900 
0890 
0850 
0840 
0840 
0840 
0820 
0800 
0790 
0780 
0790 
0760 
0710 
0670 
0620 
0580 
0560 
0560 
0580 
0620 
0660 
0680 
0670 
0670 
0670 
0660 
0640 
0650 
0670 
0680 
0690 
0740 
0790 
0830 
0860 
0900 
0910 
0960 
1030 
1050 
1070 
1060 
1060 
1070 
1080 
1080 
1070 
1050 
1040 
1060 
1060 
1040 
1020 
0980 
0970 
0960 
0960 
1010 
1040 
1030 
1050 
1090 
1140 
1200 
1250 
1340 
1390 
1380 
1330 
1240 
1160 
1130 
1060 
1040 
1050 
1070 
1040 
1010 
0980 
1000 
1000 
1000 
0980 
0990 
0960 
0940 
0930 
0930 
0930 
0900 
0870 
0860 
0880 
0890 
0860 
0820 
0820 
0810 
0800 
0790 
0760 
0730 
0730 
0740 
0770 
0800 
0840 
0860 
0870 
0880 
0880 
0890 
0890 
0890 
0890 
0890 
0890 
0880 
0870 
0870 
0860 
0850 
0840 
0850 
0850 
0800 
0760 
0720 
0710 
0690 
0650 
0610 
0600 
0580 
0590 
0620 
0630 
0640 
0680 
0710 
0760 
0820 
0890 
0940 
1010 
1060 
1070 
1070 
1020 
0920 
0830 
0830 
0860 
0880 
0880 
0850 
0830 
0790 
0760 
0780 
0810 
0840 
0860 
0890 
0900 
0900 
0900 
0910 
0930 
0930 
0910 
0930 
1010 
1120 
1270 
1400 
1480 
1490 
1460 
1440 
1400 
1310 
1270 
1260 
1260 
1280 
1250 
1230 
1210 
1200 
1200 
1170 
1170 
1160 
1120 
1080 
1030 
0990 
0990 
0960 
1000 
0950 
0900 
0870 
0850 
0850 
0860 
0860 
0860 
0880 
0880 
0910 
0910 
0920 
0910 
0910 
0930 
0910 
0880 
0880 
0840 
0850 
0840 
0840 
0860 
0880 
0900 
0910 
0880 
0860 
0850 
0830 
0830 
0800 
0800 
0810 
0830 
0840 
0900 
0930 
0980 
1010 
1040 
1090 
1150 
1200 
1230 
1280 
1300 
1290 
1300 
1360 
1340 
1340 
1360 
1380 
1420 
1430 
1400 
1420 
1380 
1340 
1300 
1230 
1160 
1110 
1090 
1050 
1060 
1070 
1070 
1090 
1080 
1080 
1030 
1020 
1000 
1010 
1000 
1030 
1050 
1070 
1070 
1110 
1130 
1140 
1150 
1140 
1150 
1160 
1140 
1170 
1180 
1210 
1220 
1260 
1260 
1280 
1300 
1300 
1330 
1340 
1330 
1330 
1330 
1320 
1350 
1340 
1370 
1350 
1360 
1350 
1350 
1370 
1380 
1380 
1370 
1390 
1400 
1430 
1430 
1430 
1480 
1510 
1500 
1570 
1560 
1550 
1600 
1630 
1650 
1630 
1690 
1700 
1770 
1810 
1840 
1920 
1970 
2030 
2090 
2120 
2060 
2130 
2180 
2130 
2170 
2160 
2170 
2370 
2400 
2220 
2200 
2140 
2220 
2130 
2150 
2160 
2090 
2080 
2050 
2070 
2080 
2000 
1980 
1920 
1840 
1810 
1770 
1710 
1670 
1710 
1780 
1710 
1750 
1820 
1800 
1710 
1610 
1630 
1610 
1650 
1600 
1580 
1560 
1550 
1620 
1610 
1640 
1690 
1750 
1670 
1680 
1610 
1590 
1690 
1680 
1600 
1580 
1600 
1630 
1520 
1510 
1420 
1540 
1680 
1630 
1610 
1570 
1570 
1590 
1500 
1460 
1540 
1680 
1500 
1660 
1740 
1680 
1630 
1580 
1650 
1700 
1640 
1620 
1570 
1600 
1570 
1580 
1560 
1570 
1540 
1550 
1560 
1460 
1460 
1430 
1400 
1380 
1350 
1340 
1300 
1250 
1180 
1180 
1210 
1250 
1410 
1290 
1270 
1350 
1400 
1430 
1410 
1460 
1420 
1320 
1270 
1330 
1270 
1280 
1300 
1240 
1190 
1170 
1250 
1320 
1340 
1250 
1240 
1210 
1240 
1210 
1160 
1190 
1260 
1280 
1250 
1210 
1210 
1210 
1270 
1340 
1430 
1370 
1300 
1350 
1300 
1320 
1310 
1280 
1290 
1370 
1330 
1320 
1310 
1310 
1340 
1330 
1440 
1400 
1390 
1470 
1570 
1600 
1430 
1320 
1260 
1270 
1230 
1240 
1310 
1340 
1460 
1500 
1570 
1650 
1530 
1520 
1480 
1430 
1410 
1470 
1870 
1770 
1580 
1310 
1180 
1350 
1320 
1050 
0950 
0910 
0940 